 &PARAM
 NE      =   199,
 TEND    =   50,
 ZEX     =   9.6638
 Q1      =   3127.5553     ,
 Q2      =   3127.5553     ,
 Q3      =   40000    ,
 I1      =  0.5512     ,
 I2      =  0.5512     ,
 TH1     =  0.000000000000000E+000,
 TH2     =  0.000000000000000E+000,
 A1      =   4.00000000000000     ,
 A2      =   4.00000000000000     ,
 DTR1   =  0.3,
 DTR2   =  0.3,
 R1      =  0.05
 R2      =  0.05
 F10     =  0.001     ,
 F20     =  0.001    ,
 F30     =  0.001     ,
 P10     =  0     ,
 P20     =  0     ,
 P30     =  0     ,
 DT      =  0.002,
 DZ      =  0.01,
 FTOL    =  1.000000000000000E-004,
 PTOL    =  1.000000000000000E-004,
 WC      = T,
 FOK     = T,
 INHARM  =           2,
 DCIR1    =  0.0002
 DCIR2    =  0.0002
 INHER   = F
 METH    = 2
 NZ      = 4500
 /
