 &PARAM
 NE      =   787,
 TEND    =   50,
 ZEX     =   47.1343     ,
 Q1      =   1385     ,
 Q2      =   1385     ,
 Q3      =   50000    ,
 I1      =  0.0088524     ,
 I2      =  0.0088524     ,
 TH1     =  0.000000000000000E+000,
 TH2     =  0.000000000000000E+000,
 A1      =   4.00000000000000     ,
 A2      =   4.00000000000000     ,
 DCIR1   =  0.00025,
 DCIR2   =  0,
 R1      =  5.000000000000000E-002,
 R2      =  5.000000000000000E-002,
 F10     =  0.045     ,
 F20     =  0.045     ,
 F30     =  0.0001     ,
 P10     =  0     ,
 P20     =  0     ,
 P30     =  0     ,
 DT      =  0.002,
 DZ      =  0.01,
 FTOL    =  1.000000000000000E-005,
 PTOL    =  1.000000000000000E-005,
 WC      = T,
 FOK     = T,
 INHARM  =           1,
 !DTR1    =  0.3,
 !DTR2    =  0.3
 INHER   = F
 METH    = 2
 NZ      = 4500
 DTR1    = 0.3
 DTRB    = 0.35, 0.45
 DTRH    = 0.01
 /