 &PARAM
 NE      =   32,
 TEND    =   1,
 ZEX     =   9.6638
 Q1      =   3127.5553     ,
 Q2      =   3127.5553     ,
 Q3      =   40000    ,
 I1      =  0.5512     ,
 I2      =  0.5512     ,
 TH1     =  0.000000000000000E+000,
 TH2     =  0.000000000000000E+000,
 A1      =   4.00000000000000     ,
 A2      =   4.00000000000000     ,
 DTR1   =  0.29,
 DTR2   =  0.29,
 R1      =  5.000000000000000E-002,
 R2      =  0,
 F10     =  0.001     ,
 F20     =  0.001    ,
 F30     =  0.001     ,
 P10     =  0     ,
 P20     =  0     ,
 P30     =  0     ,
 DT      =  0.002,
 DZ      =  0.01,
 PITCH   =   1.50000000000000     ,
 FTOL    =  1.000000000000000E-004,
 PTOL    =  1.000000000000000E-004,
 WC      = T,
 FOK     = T,
 INHARM  =           2,
 UKV     =   22.0000000000000     ,
 W_OP    =   28.0175     ,
 LENSM   = T,
 BTOD    = F,
 B1      =  0.514000000000000     ,
 B2      =  0.514000000000000     ,
 IATOI   = T,
 IA1     =   2.0     ,
 IA2     =   2.0     ,
 DCIRB    =  0.0001, 0.0003
 DCIRH    =  0.001
 dcir1   = 0.0002
 INHER   = F
 METH    = 2
 NZ      = 4500
 /
